- main_model_drop_out_p=0.35000000000000003
- image_encoder_drop_out_p=0.15000000000000002
- resnet_choice=0
- image_token_size=11
